2023-06-21 23:03:41,857 - dataLogger - INFO - 
 matrizEssencial 
 [[-3.40785810e-05 -5.22860438e-01 -3.56563924e-01]
 [ 5.22882152e-01 -4.52017072e-05  3.15396469e-01]
 [ 3.56520144e-01 -3.15423266e-01 -2.01956064e-05]]
2023-06-21 23:03:41,857 - dataLogger - INFO - 
 rotation 
 [[-0.60206646  0.44987952 -0.6596396 ]
 [ 0.44977549 -0.49151111 -0.74573376]
 [-0.65971053 -0.74567101  0.09357757]]
2023-06-21 23:03:41,858 - dataLogger - INFO - 
 translation 
 [[-0.44604737]
 [-0.50422083]
 [ 0.73946136]]
2023-06-21 23:04:09,623 - dataLogger - INFO - 
 prevCorners 
 [[[ 110.84824    527.11017  ]]

 [[1506.9547     487.97153  ]]

 [[ 394.0238     555.02374  ]]

 [[1447.9768     505.93814  ]]

 [[ 298.9274     555.96826  ]]

 [[ 843.         427.99997  ]]

 [[ 251.96819    526.06213  ]]

 [[ 571.9997     555.9999   ]]

 [[ 771.00146    524.0002   ]]

 [[1874.9203     459.91965  ]]

 [[1864.8358      86.83168  ]]

 [[1329.9884     386.96063  ]]

 [[1085.0012     488.00104  ]]

 [[1591.9834     523.9791   ]]

 [[ 338.98105    475.99445  ]]

 [[1143.9609     546.02435  ]]

 [[   6.8285184  528.1759   ]]

 [[1805.7806     463.90717  ]]

 [[ 214.9514     466.05164  ]]

 [[ 752.9827     133.00479  ]]

 [[ 775.9708     318.9997   ]]

 [[ 828.         524.00073  ]]

 [[1291.9509     549.8098   ]]

 [[ 697.9865     463.00922  ]]

 [[ 823.         574.00024  ]]

 [[1558.986      431.9247   ]]

 [[ 498.96115    513.0048   ]]

 [[ 422.00958    154.9822   ]]

 [[1557.9819     296.96976  ]]

 [[1655.9501     259.9118   ]]

 [[ 824.9266     244.0559   ]]

 [[1869.8748     531.8621   ]]

 [[1426.9795     453.95386  ]]

 [[ 771.9993     268.01233  ]]

 [[ 678.9746     513.00464  ]]

 [[ 394.95715    295.0312   ]]

 [[ 783.         401.99872  ]]

 [[1772.9268     419.9756   ]]

 [[1399.9858     403.02588  ]]

 [[ 893.0134     367.03177  ]]

 [[ 393.9918     464.9786   ]]

 [[ 181.93593    527.0187   ]]

 [[ 823.         628.       ]]

 [[1078.9803     288.98383  ]]

 [[ 893.99927    529.0008   ]]

 [[1398.9924     307.965    ]]

 [[  61.86661    482.99777  ]]

 [[1702.9082     450.93784  ]]

 [[1019.99994    546.       ]]

 [[1302.0242     493.97528  ]]

 [[1219.9241     517.95337  ]]

 [[ 123.89052    478.0453   ]]

 [[ 618.95496    425.01746  ]]

 [[1370.8362     484.96625  ]]

 [[1102.0009     240.00002  ]]

 [[1368.0022     547.01843  ]]

 [[ 621.0002     294.       ]]

 [[1767.9253     533.97485  ]]

 [[1025.         432.00082  ]]

 [[ 615.9755     511.99927  ]]

 [[ 701.99066    564.96844  ]]

 [[1192.9999     454.00052  ]]

 [[1492.8346     410.9616   ]]

 [[ 488.0085     212.04662  ]]

 [[1712.9669     202.95085  ]]

 [[1096.9999     759.       ]]

 [[1640.9373     405.88126  ]]

 [[1168.         640.0002   ]]

 [[ 622.0001     832.00006  ]]

 [[1001.99994    640.       ]]

 [[ 792.         713.       ]]

 [[ 854.99896    292.00006  ]]

 [[1093.9995     544.9866   ]]

 [[ 287.88174    247.9635   ]]

 [[1128.0004     459.9981   ]]

 [[ 288.         914.       ]]

 [[1265.9713     459.02313  ]]

 [[1536.986      529.9685   ]]

 [[ 551.9839     424.0022   ]]

 [[ 488.941      781.0012   ]]

 [[1500.9294     579.9542   ]]

 [[1257.9296     345.9168   ]]

 [[1891.8048      32.838608 ]]

 [[ 714.9734     275.00476  ]]

 [[1632.9609     185.98273  ]]

 [[1021.0263     484.97443  ]]

 [[  91.84621    160.95761  ]]

 [[ 922.         761.00006  ]]

 [[1020.         700.       ]]

 [[1203.9941     698.9809   ]]

 [[1381.         677.99994  ]]

 [[1074.9988     437.99966  ]]

 [[1542.8337     345.99057  ]]

 [[1231.9109     389.95886  ]]

 [[1650.79       467.94894  ]]

 [[ 461.01144    551.00745  ]]

 [[ 557.9904     290.9882   ]]

 [[1104.9393     701.97186  ]]

 [[1467.0426     695.98206  ]]

 [[1289.0815     679.91846  ]]]
2023-06-21 23:04:09,628 - dataLogger - INFO - 
 Corners 
 [[[ 110.84824    527.11017  ]]

 [[1506.9547     487.97153  ]]

 [[ 394.0238     555.02374  ]]

 [[1447.9768     505.93814  ]]

 [[ 298.9274     555.96826  ]]

 [[ 843.         427.99997  ]]

 [[ 251.96819    526.06213  ]]

 [[ 571.9997     555.9999   ]]

 [[ 771.00146    524.0002   ]]

 [[1874.9203     459.91965  ]]

 [[1864.8358      86.83168  ]]

 [[1329.9884     386.96063  ]]

 [[1085.0012     488.00104  ]]

 [[1591.9834     523.9791   ]]

 [[ 338.98105    475.99445  ]]

 [[1143.9609     546.02435  ]]

 [[   6.8285184  528.1759   ]]

 [[1805.7806     463.90717  ]]

 [[ 214.9514     466.05164  ]]

 [[ 752.9827     133.00479  ]]

 [[ 775.9708     318.9997   ]]

 [[ 828.         524.00073  ]]

 [[1291.9509     549.8098   ]]

 [[ 697.9865     463.00922  ]]

 [[ 823.         574.00024  ]]

 [[1558.986      431.9247   ]]

 [[ 498.96115    513.0048   ]]

 [[ 422.00958    154.9822   ]]

 [[1557.9819     296.96976  ]]

 [[1655.9501     259.9118   ]]

 [[ 824.9266     244.0559   ]]

 [[1869.8748     531.8621   ]]

 [[1426.9795     453.95386  ]]

 [[ 771.9993     268.01233  ]]

 [[ 678.9746     513.00464  ]]

 [[ 394.95715    295.0312   ]]

 [[ 783.         401.99872  ]]

 [[1772.9268     419.9756   ]]

 [[1399.9858     403.02588  ]]

 [[ 893.0134     367.03177  ]]

 [[ 393.9918     464.9786   ]]

 [[ 181.93593    527.0187   ]]

 [[ 823.         628.       ]]

 [[1078.9803     288.98383  ]]

 [[ 893.99927    529.0008   ]]

 [[1398.9924     307.965    ]]

 [[  61.86661    482.99777  ]]

 [[1702.9082     450.93784  ]]

 [[1019.99994    546.       ]]

 [[1302.0242     493.97528  ]]

 [[1219.9241     517.95337  ]]

 [[ 123.89052    478.0453   ]]

 [[ 618.95496    425.01746  ]]

 [[1370.8362     484.96625  ]]

 [[1102.0009     240.00002  ]]

 [[1368.0022     547.01843  ]]

 [[ 621.0002     294.       ]]

 [[1767.9253     533.97485  ]]

 [[1025.         432.00082  ]]

 [[ 615.9755     511.99927  ]]

 [[ 701.99066    564.96844  ]]

 [[1192.9999     454.00052  ]]

 [[1492.8346     410.9616   ]]

 [[ 488.0085     212.04662  ]]

 [[1712.9669     202.95085  ]]

 [[1096.9999     759.       ]]

 [[1640.9373     405.88126  ]]

 [[1168.         640.0002   ]]

 [[ 622.0001     832.00006  ]]

 [[1001.99994    640.       ]]

 [[ 792.         713.       ]]

 [[ 854.99896    292.00006  ]]

 [[1093.9995     544.9866   ]]

 [[ 287.88174    247.9635   ]]

 [[1128.0004     459.9981   ]]

 [[ 288.         914.       ]]

 [[1265.9713     459.02313  ]]

 [[1536.986      529.9685   ]]

 [[ 551.9839     424.0022   ]]

 [[ 488.941      781.0012   ]]

 [[1500.9294     579.9542   ]]

 [[1257.9296     345.9168   ]]

 [[1891.8048      32.838608 ]]

 [[ 714.9734     275.00476  ]]

 [[1632.9609     185.98273  ]]

 [[1021.0263     484.97443  ]]

 [[  91.84621    160.95761  ]]

 [[ 922.         761.00006  ]]

 [[1020.         700.       ]]

 [[1203.9941     698.9809   ]]

 [[1381.         677.99994  ]]

 [[1074.9988     437.99966  ]]

 [[1542.8337     345.99057  ]]

 [[1231.9109     389.95886  ]]

 [[1650.79       467.94894  ]]

 [[ 461.01144    551.00745  ]]

 [[ 557.9904     290.9882   ]]

 [[1104.9393     701.97186  ]]

 [[1467.0426     695.98206  ]]

 [[1289.0815     679.91846  ]]]
2023-06-21 23:04:09,632 - dataLogger - INFO - 
 goodOldCorners 
 [[[ 111.  527.]]

 [[1507.  488.]]

 [[ 394.  555.]]

 [[1448.  506.]]

 [[ 299.  556.]]

 [[ 843.  428.]]

 [[ 252.  526.]]

 [[ 572.  556.]]

 [[ 771.  524.]]

 [[1875.  460.]]

 [[1865.   87.]]

 [[1330.  387.]]

 [[1085.  488.]]

 [[1592.  524.]]

 [[ 339.  476.]]

 [[1144.  546.]]

 [[   7.  528.]]

 [[1806.  464.]]

 [[ 215.  466.]]

 [[ 753.  133.]]

 [[ 776.  319.]]

 [[ 828.  524.]]

 [[1292.  550.]]

 [[ 698.  463.]]

 [[ 823.  574.]]

 [[1559.  432.]]

 [[ 499.  513.]]

 [[ 422.  155.]]

 [[1558.  297.]]

 [[1656.  260.]]

 [[ 825.  244.]]

 [[1870.  532.]]

 [[1427.  454.]]

 [[ 772.  268.]]

 [[ 679.  513.]]

 [[ 395.  295.]]

 [[ 783.  402.]]

 [[1773.  420.]]

 [[1400.  403.]]

 [[ 893.  367.]]

 [[ 394.  465.]]

 [[ 182.  527.]]

 [[ 823.  628.]]

 [[1079.  289.]]

 [[ 894.  529.]]

 [[1399.  308.]]

 [[  62.  483.]]

 [[1703.  451.]]

 [[1020.  546.]]

 [[1302.  494.]]

 [[1220.  518.]]

 [[ 124.  478.]]

 [[ 619.  425.]]

 [[1371.  485.]]

 [[1102.  240.]]

 [[1368.  547.]]

 [[ 621.  294.]]

 [[1768.  534.]]

 [[1025.  432.]]

 [[ 616.  512.]]

 [[ 702.  565.]]

 [[1193.  454.]]

 [[1493.  411.]]

 [[ 488.  212.]]

 [[1713.  203.]]

 [[1097.  759.]]

 [[1641.  406.]]

 [[1168.  640.]]

 [[ 622.  832.]]

 [[1002.  640.]]

 [[ 792.  713.]]

 [[ 855.  292.]]

 [[1094.  545.]]

 [[ 288.  248.]]

 [[1128.  460.]]

 [[ 288.  914.]]

 [[1266.  459.]]

 [[1537.  530.]]

 [[ 552.  424.]]

 [[ 489.  781.]]

 [[1501.  580.]]

 [[1258.  346.]]

 [[1892.   33.]]

 [[ 715.  275.]]

 [[1633.  186.]]

 [[1021.  485.]]

 [[  92.  161.]]

 [[ 922.  761.]]

 [[1020.  700.]]

 [[1204.  699.]]

 [[1381.  678.]]

 [[1075.  438.]]

 [[1543.  346.]]

 [[1232.  390.]]

 [[1651.  468.]]

 [[ 461.  551.]]

 [[ 558.  291.]]

 [[1105.  702.]]

 [[1467.  696.]]

 [[1289.  680.]]]
2023-06-21 23:04:09,636 - dataLogger - INFO - 
 goodCorners 
 [[[ 110.84824    527.11017  ]]

 [[1506.9547     487.97153  ]]

 [[ 394.0238     555.02374  ]]

 [[1447.9768     505.93814  ]]

 [[ 298.9274     555.96826  ]]

 [[ 843.         427.99997  ]]

 [[ 251.96819    526.06213  ]]

 [[ 571.9997     555.9999   ]]

 [[ 771.00146    524.0002   ]]

 [[1874.9203     459.91965  ]]

 [[1864.8358      86.83168  ]]

 [[1329.9884     386.96063  ]]

 [[1085.0012     488.00104  ]]

 [[1591.9834     523.9791   ]]

 [[ 338.98105    475.99445  ]]

 [[1143.9609     546.02435  ]]

 [[   6.8285184  528.1759   ]]

 [[1805.7806     463.90717  ]]

 [[ 214.9514     466.05164  ]]

 [[ 752.9827     133.00479  ]]

 [[ 775.9708     318.9997   ]]

 [[ 828.         524.00073  ]]

 [[1291.9509     549.8098   ]]

 [[ 697.9865     463.00922  ]]

 [[ 823.         574.00024  ]]

 [[1558.986      431.9247   ]]

 [[ 498.96115    513.0048   ]]

 [[ 422.00958    154.9822   ]]

 [[1557.9819     296.96976  ]]

 [[1655.9501     259.9118   ]]

 [[ 824.9266     244.0559   ]]

 [[1869.8748     531.8621   ]]

 [[1426.9795     453.95386  ]]

 [[ 771.9993     268.01233  ]]

 [[ 678.9746     513.00464  ]]

 [[ 394.95715    295.0312   ]]

 [[ 783.         401.99872  ]]

 [[1772.9268     419.9756   ]]

 [[1399.9858     403.02588  ]]

 [[ 893.0134     367.03177  ]]

 [[ 393.9918     464.9786   ]]

 [[ 181.93593    527.0187   ]]

 [[ 823.         628.       ]]

 [[1078.9803     288.98383  ]]

 [[ 893.99927    529.0008   ]]

 [[1398.9924     307.965    ]]

 [[  61.86661    482.99777  ]]

 [[1702.9082     450.93784  ]]

 [[1019.99994    546.       ]]

 [[1302.0242     493.97528  ]]

 [[1219.9241     517.95337  ]]

 [[ 123.89052    478.0453   ]]

 [[ 618.95496    425.01746  ]]

 [[1370.8362     484.96625  ]]

 [[1102.0009     240.00002  ]]

 [[1368.0022     547.01843  ]]

 [[ 621.0002     294.       ]]

 [[1767.9253     533.97485  ]]

 [[1025.         432.00082  ]]

 [[ 615.9755     511.99927  ]]

 [[ 701.99066    564.96844  ]]

 [[1192.9999     454.00052  ]]

 [[1492.8346     410.9616   ]]

 [[ 488.0085     212.04662  ]]

 [[1712.9669     202.95085  ]]

 [[1096.9999     759.       ]]

 [[1640.9373     405.88126  ]]

 [[1168.         640.0002   ]]

 [[ 622.0001     832.00006  ]]

 [[1001.99994    640.       ]]

 [[ 792.         713.       ]]

 [[ 854.99896    292.00006  ]]

 [[1093.9995     544.9866   ]]

 [[ 287.88174    247.9635   ]]

 [[1128.0004     459.9981   ]]

 [[ 288.         914.       ]]

 [[1265.9713     459.02313  ]]

 [[1536.986      529.9685   ]]

 [[ 551.9839     424.0022   ]]

 [[ 488.941      781.0012   ]]

 [[1500.9294     579.9542   ]]

 [[1257.9296     345.9168   ]]

 [[1891.8048      32.838608 ]]

 [[ 714.9734     275.00476  ]]

 [[1632.9609     185.98273  ]]

 [[1021.0263     484.97443  ]]

 [[  91.84621    160.95761  ]]

 [[ 922.         761.00006  ]]

 [[1020.         700.       ]]

 [[1203.9941     698.9809   ]]

 [[1381.         677.99994  ]]

 [[1074.9988     437.99966  ]]

 [[1542.8337     345.99057  ]]

 [[1231.9109     389.95886  ]]

 [[1650.79       467.94894  ]]

 [[ 461.01144    551.00745  ]]

 [[ 557.9904     290.9882   ]]

 [[1104.9393     701.97186  ]]

 [[1467.0426     695.98206  ]]

 [[1289.0815     679.91846  ]]]
2023-06-21 23:04:09,680 - dataLogger - INFO - 
 matrizEssencial 
 [[-2.93644092e-05 -4.84013815e-01 -3.72090571e-01]
 [ 4.84037443e-01 -3.38102396e-05  3.56749810e-01]
 [ 3.72057016e-01 -3.56777430e-01 -2.34202946e-05]]
2023-06-21 23:04:09,680 - dataLogger - INFO - 
 rotation 
 [[-0.49087887  0.53101149 -0.69069873]
 [ 0.53092766 -0.44624437 -0.7204039 ]
 [-0.69076316 -0.72034212 -0.06287676]]
2023-06-21 23:04:09,681 - dataLogger - INFO - 
 translation 
 [[-0.50453787]
 [-0.5261888 ]
 [ 0.68451945]]
