(array([[-0.02138547],
       [-0.01109858],
       [-1.56446379]]), array([[-0.08044876],
       [ 0.0606644 ],
       [-1.52908619]]), array([[-0.16887934],
       [-0.07685831],
       [-1.56003804]]), array([[ 0.29857631],
       [-0.31223002],
       [-1.46579306]]), array([[ 0.02458213],
       [ 0.02460482],
       [-1.5404491 ]]), array([[-0.06771569],
       [ 0.08672483],
       [-1.54403355]]), array([[ 0.20392919],
       [-0.20433956],
       [-1.52744849]]), array([[ 0.37627781],
       [-0.4127651 ],
       [-1.45543334]]), array([[-0.39673429],
       [ 0.34344062],
       [-1.52426823]]), array([[ 0.26287543],
       [ 0.35516467],
       [-1.54417608]]), array([[-0.25221509],
       [-0.19976869],
       [-1.54632912]]), array([[ 0.11727537],
       [-0.19209355],
       [-1.51061718]]), array([[-0.28457993],
       [ 0.25182363],
       [-1.54933838]]), array([[ 0.21956114],
       [ 0.29540291],
       [-1.54198755]]))