(array([[-4.22090457],
       [ 2.09675279],
       [ 5.9714078 ]]), array([[-5.02428915],
       [ 1.67986108],
       [ 6.77139597]]), array([[-3.78499885],
       [ 1.14971623],
       [ 6.59040126]]), array([[-2.28846162],
       [ 2.26547995],
       [ 6.40950643]]), array([[-4.14252792],
       [ 1.99124337],
       [ 5.4887659 ]]), array([[-3.96033865],
       [ 1.54325713],
       [19.64039937]]), array([[-3.18107621],
       [ 1.9300574 ],
       [ 5.93013933]]), array([[-1.7278024 ],
       [ 1.9704164 ],
       [ 5.14389813]]), array([[-5.87724079],
       [ 1.9147354 ],
       [ 8.92891522]]), array([[-4.00468063],
       [ 2.64971783],
       [ 7.67424625]]), array([[-4.12033321],
       [ 1.60704308],
       [ 5.22180631]]), array([[-2.5811687 ],
       [ 2.39890862],
       [ 7.22394381]]), array([[-4.03570534],
       [ 2.41108868],
       [10.72131585]]), array([[-3.21497363],
       [ 3.03296806],
       [ 8.38590946]]))